color_value[ 0] = [14.145061728395062, 15.037037037037036, 3.2623456790123457], detec_value[ 0] = 0
color_value[ 1] = [11.898148148148149, 13.694444444444445, 2.5], detec_value[ 1] = 1535440226
color_value[ 2] = [36.39506172839506, 38.83024691358025, 18.756172839506174], detec_value[ 2] = 1535440226
color_value[ 4] = [15.802469135802468, 16.83641975308642, 4.756172839506172], detec_value[ 4] = 1535440226
color_value[ 5] = [44.851851851851855, 46.117283950617285, 19.567901234567902], detec_value[ 5] = 1535440226
color_value[ 8] = [12.462962962962964, 12.302469135802468, 3.2623456790123457], detec_value[ 8] = 1535440226
color_value[12] = [15.38888888888889, 12.512345679012345, 0.941358024691358], detec_value[12] = 1535440226
color_value[13] = [20.84259259259259, 18.72530864197531, 3.493827160493827], detec_value[13] = 1535440226
color_value[14] = [15.700617283950617, 15.564814814814815, 4.296296296296297], detec_value[14] = 1535440226
color_value[15] = [3.691358024691358, 5.388888888888889, 0.4783950617283951], detec_value[15] = 1535440226
color_value[16] = [11.595679012345679, 10.141975308641975, 0.8888888888888888], detec_value[16] = 1535440226
color_value[17] = [9.651234567901234, 9.58641975308642, 0.7253086419753086], detec_value[17] = 1535440226
color_value[18] = [6.583333333333333, 7.6080246913580245, 0.45987654320987653], detec_value[18] = 1535440226
color_value[19] = [4.762345679012346, 6.441358024691358, 0.345679012345679], detec_value[19] = 1535440226
color_value[20] = [13.209876543209877, 11.132716049382717, 1.7376543209876543], detec_value[20] = 1535440226
color_value[21] = [10.364197530864198, 9.787037037037036, 0.5679012345679012], detec_value[21] = 1535440226
color_value[22] = [6.839506172839506, 6.7592592592592595, 0.2993827160493827], detec_value[22] = 1535440226
color_value[23] = [6.1265432098765435, 6.771604938271605, 0.4074074074074074], detec_value[23] = 1535440226
