color_value[ 1] = [0.9814814814814815, 1.0061728395061729, 0.9814814814814815], detec_value[ 1] = 1535551402
color_value[ 2] = [1.0, 1.0, 1.0], detec_value[ 2] = 1535551402
color_value[ 3] = [1.0, 1.0, 1.0], detec_value[ 3] = 1535551402
color_value[ 4] = [2.2901234567901234, 1.9135802469135803, 1.3333333333333333], detec_value[ 4] = 1535551402
color_value[ 5] = [1.0, 1.0, 1.0], detec_value[ 5] = 1535551402
color_value[ 6] = [0.8888888888888888, 0.8888888888888888, 0.8888888888888888], detec_value[ 6] = 1535551402
color_value[ 7] = [1.0, 1.0, 1.0], detec_value[ 7] = 1535551402
color_value[ 8] = [1.0, 1.0, 1.0], detec_value[ 8] = 1535551402
color_value[ 9] = [1.0, 1.0, 1.0], detec_value[ 9] = 1535551402
color_value[10] = [1.0, 1.0, 1.0], detec_value[10] = 1535551402
color_value[11] = [1.0, 1.0, 1.0], detec_value[11] = 1535551402
color_value[12] = [1.0, 1.0, 1.0], detec_value[12] = 1535551402
color_value[13] = [1.0, 1.0, 1.0], detec_value[13] = 1535551402
color_value[14] = [1.0, 1.0, 1.0], detec_value[14] = 1535551402
color_value[15] = [1.0, 1.0, 1.0], detec_value[15] = 1535551402
color_value[16] = [1.0, 1.0, 1.0], detec_value[16] = 1535551402
color_value[17] = [1.0, 1.0, 1.0], detec_value[17] = 1535551402
color_value[18] = [1.0, 1.0, 1.0], detec_value[18] = 1535551402
color_value[19] = [1.0, 1.0, 1.0], detec_value[19] = 1535551402
color_value[20] = [1.0, 1.0, 1.0], detec_value[20] = 1535551402
color_value[21] = [1.0, 1.0, 1.0], detec_value[21] = 1535551402
color_value[22] = [1.0, 1.0, 1.0], detec_value[22] = 1535551402
color_value[23] = [1.0, 1.0, 1.0], detec_value[23] = 1535551402
