color_value[16] = [54.45061728395062, 36.17283950617284, 24.99074074074074], detec_value[16] = 1535438958
color_value[20] = [20.104938271604937, 6.003086419753086, 0.37037037037037035], detec_value[20] = 1535438958
color_value[21] = [34.46296296296296, 22.22530864197531, 14.382716049382717], detec_value[21] = 1535438958
