color_value[ 0] = [46.91358024691358, 46.648148148148145, 40.28703703703704], detec_value[ 0] = 0
color_value[ 1] = [0.8364197530864198, 0.9444444444444444, 0.9814814814814815], detec_value[ 1] = 1536161131
color_value[ 2] = [0.9814814814814815, 0.9814814814814815, 0.9814814814814815], detec_value[ 2] = 1536161131
color_value[ 3] = [0.9722222222222222, 0.9722222222222222, 0.9598765432098766], detec_value[ 3] = 1536161131
color_value[ 5] = [0.6851851851851852, 0.6141975308641975, 0.6882716049382716], detec_value[ 5] = 1536161131
color_value[ 6] = [0.808641975308642, 0.808641975308642, 0.808641975308642], detec_value[ 6] = 1536161131
color_value[ 7] = [1.0, 1.0, 1.0], detec_value[ 7] = 1536161131
color_value[ 9] = [0.8796296296296297, 0.7530864197530864, 0.7870370370370371], detec_value[ 9] = 1536161131
color_value[10] = [0.9753086419753086, 0.9753086419753086, 0.9753086419753086], detec_value[10] = 1536161131
color_value[11] = [0.8919753086419753, 0.8919753086419753, 0.8919753086419753], detec_value[11] = 1536161131
color_value[12] = [0.9537037037037037, 1.1419753086419753, 0.8549382716049383], detec_value[12] = 1536161131
color_value[13] = [0.8981481481481481, 0.8487654320987654, 0.8734567901234568], detec_value[13] = 1536161131
color_value[14] = [0.8271604938271605, 0.8271604938271605, 0.8271604938271605], detec_value[14] = 1536161131
color_value[15] = [0.9104938271604939, 0.9104938271604939, 0.9104938271604939], detec_value[15] = 1536161131
color_value[16] = [1.0, 1.0, 1.0], detec_value[16] = 1536161131
color_value[17] = [0.9567901234567902, 0.9567901234567902, 0.9567901234567902], detec_value[17] = 1536161131
color_value[18] = [0.9506172839506173, 0.9506172839506173, 0.9506172839506173], detec_value[18] = 1536161131
color_value[19] = [1.0, 1.0, 1.0], detec_value[19] = 1536161131
color_value[20] = [5.830246913580247, 2.7191358024691357, 0.5555555555555556], detec_value[20] = 1536161131
color_value[21] = [1.0, 1.0, 1.0], detec_value[21] = 1536161131
color_value[22] = [1.0, 1.0, 1.0], detec_value[22] = 1536161131
color_value[23] = [0.9506172839506173, 0.9506172839506173, 0.9506172839506173], detec_value[23] = 1536161131
