color_value[ 1] = [0.9814814814814815, 1.0, 1.0401234567901234], detec_value[ 1] = 1535643571
color_value[ 2] = [1.0, 1.0, 1.0], detec_value[ 2] = 1535643571
color_value[ 3] = [1.0, 1.0, 1.0], detec_value[ 3] = 1535643571
color_value[ 5] = [1.0493827160493827, 0.9629629629629629, 0.9876543209876543], detec_value[ 5] = 1535643571
color_value[ 6] = [1.0, 1.0, 1.0], detec_value[ 6] = 1535643571
color_value[ 7] = [1.0, 1.0, 1.0], detec_value[ 7] = 1535643571
color_value[ 8] = [19.54320987654321, 15.719135802469136, 7.401234567901234], detec_value[ 8] = 1535643571
color_value[ 9] = [1.0, 1.0, 1.0123456790123457], detec_value[ 9] = 1535643571
color_value[10] = [1.0, 1.0, 1.0], detec_value[10] = 1535643571
color_value[11] = [1.0, 1.0, 1.0], detec_value[11] = 1535643571
color_value[12] = [1.0, 1.0, 1.0], detec_value[12] = 1535643571
color_value[13] = [1.0, 1.0, 1.0], detec_value[13] = 1535643571
color_value[14] = [1.0, 1.0, 1.0], detec_value[14] = 1535643571
color_value[15] = [1.0, 1.0, 1.0], detec_value[15] = 1535643571
color_value[16] = [1.0, 1.0, 1.0], detec_value[16] = 1535643571
color_value[17] = [1.0, 1.0, 1.0], detec_value[17] = 1535643571
color_value[18] = [1.0, 1.0, 1.0], detec_value[18] = 1535643571
color_value[19] = [1.0, 1.0, 1.0], detec_value[19] = 1535643571
color_value[20] = [1.0, 1.0, 1.0], detec_value[20] = 1535643571
color_value[21] = [1.0, 1.0, 1.0], detec_value[21] = 1535643571
color_value[22] = [1.0, 1.0, 1.0], detec_value[22] = 1535643571
color_value[23] = [1.0, 1.0, 1.0], detec_value[23] = 1535643571
