color_value[ 0] = [21.765432098765434, 21.54320987654321, 14.358024691358025], detec_value[ 0] = 1199
color_value[ 1] = [1.0123456790123457, 0.9845679012345679, 1.1203703703703705], detec_value[ 1] = 1536040799
color_value[ 2] = [0.7777777777777778, 1.1450617283950617, 0.7993827160493827], detec_value[ 2] = 1536040799
color_value[ 3] = [0.8672839506172839, 0.8672839506172839, 0.8271604938271605], detec_value[ 3] = 1536040799
color_value[ 5] = [0.7530864197530864, 0.6790123456790124, 0.5555555555555556], detec_value[ 5] = 1536040799
color_value[ 6] = [0.6820987654320988, 1.0277777777777777, 0.6635802469135802], detec_value[ 6] = 1536040799
color_value[ 7] = [0.8518518518518519, 1.3209876543209877, 0.8117283950617284], detec_value[ 7] = 1536040799
color_value[ 9] = [0.7901234567901234, 0.8425925925925926, 0.8672839506172839], detec_value[ 9] = 1536040799
color_value[10] = [0.6512345679012346, 0.6512345679012346, 0.6512345679012346], detec_value[10] = 1536040799
color_value[11] = [0.9783950617283951, 1.0030864197530864, 0.9907407407407407], detec_value[11] = 1536040799
color_value[12] = [2.515432098765432, 2.8117283950617282, 1.345679012345679], detec_value[12] = 1536040799
color_value[13] = [0.7962962962962963, 0.75, 0.7716049382716049], detec_value[13] = 1536040799
color_value[14] = [0.7067901234567902, 0.7067901234567902, 0.7067901234567902], detec_value[14] = 1536040799
color_value[15] = [1.0030864197530864, 1.0030864197530864, 1.0030864197530864], detec_value[15] = 1536040799
color_value[16] = [1.0, 1.0, 1.0], detec_value[16] = 1536040799
color_value[17] = [0.9969135802469136, 0.9969135802469136, 0.9969135802469136], detec_value[17] = 1536040799
color_value[18] = [0.9598765432098766, 0.9598765432098766, 0.9598765432098766], detec_value[18] = 1536040799
color_value[19] = [1.0, 1.0, 1.0], detec_value[19] = 1536040799
color_value[20] = [6.182098765432099, 1.4722222222222223, 0.3487654320987654], detec_value[20] = 1536040799
color_value[21] = [1.0, 1.0, 1.0], detec_value[21] = 1536040799
color_value[22] = [1.0, 1.0, 1.0], detec_value[22] = 1536040799
color_value[23] = [1.0, 1.0, 1.0], detec_value[23] = 1536040799
