color_value[16] = [48.22222222222222, 30.521604938271604, 16.854938271604937], detec_value[16] = 1535379425
color_value[20] = [22.743827160493826, 5.817901234567901, 0.25308641975308643], detec_value[20] = 1535379425
color_value[21] = [31.97530864197531, 20.064814814814813, 10.49074074074074], detec_value[21] = 1535379425
